0
-87.9375
-87.9375
124.362
-1
-87.9375
-122.948
174.875
85.9375
-174.875
-121.534
260.812
-14.0625
-260.812
19.8874
246.75
-15.0625
-246.75
21.3016
231.687
-16.0625
-231.688
22.7158
215.625
-17.0625
-215.625
24.13
198.562
-18.0625
-198.562
25.5442
180.5
-0
-161.438
-26.9584
180.5
19.0625
-141.375
-28.3727
161.438
20.0625
-120.312
-29.7869
141.375
21.0625
-98.25
-31.2011
120.313
22.0625
-75.1875
-32.6153
98.25
23.0625
-51.125
-34.0295
75.1875
24.0625
-26.0625
-35.4437
51.125
-1
-26.0625
36.8579
-26.0625

260.812 11
