5.68434e-14
-75.5625
-75.5625
106.862
-1
-75.5625
-105.447
150.125
73.5625
-150.125
-104.033
223.687
72.5625
-223.687
-102.619
296.25
71.5625
-296.25
-101.205
367.812
-28.4375
-367.812
40.2167
339.375
-29.4375
-339.375
41.6309
309.937
-30.4375
-309.937
43.0451
279.5
-0
-248.062
-44.4593
279.5
31.4375
-215.625
-45.8736
248.062
32.4375
-182.187
-47.2878
215.625
33.4375
-147.75
-48.702
182.187
34.4375
-112.312
-50.1162
147.75
35.4375
-75.875
-51.5304
112.312
36.4375
-38.4375
-52.9446
75.875
-1
-38.4375
54.3588
-38.4375

367.812 21
