-1.98952e-13
-63.1875
-63.1875
89.3606
-1
-63.1875
-87.9464
125.375
61.1875
-125.375
-86.5322
186.563
60.1875
-186.562
-85.118
246.75
59.1875
-246.75
-83.7038
305.938
58.1875
-305.937
-82.2896
364.125
57.1875
-364.125
-80.8753
421.313
-42.8125
-421.312
60.546
378.5
-0
-334.687
-61.9602
378.5
43.8125
-289.875
-63.3744
334.688
44.8125
-244.062
-64.7887
289.875
45.8125
-197.25
-66.2029
244.063
46.8125
-149.437
-67.6171
197.25
47.8125
-100.625
-69.0313
149.438
48.8125
-50.8125
-70.4455
100.625
-1
-50.8125
71.8597
-50.8125

421.313 27
