-1.42109e-14
-100.313
-100.312
141.863
-100
-100.312
-0.441942
100.625
-0.6875
-100.625
0.972272
99.9375
-1.6875
-99.9375
2.38649
98.25
-2.6875
-98.25
3.8007
95.5625
-3.6875
-95.5625
5.21491
91.875
-4.6875
-91.875
6.62913
87.1875
-5.6875
-87.1875
8.04334
81.5
-0
-74.8125
-9.45755
81.5
6.6875
-67.125
-10.8718
74.8125
7.6875
-58.4375
-12.286
67.125
8.6875
-48.75
-13.7002
58.4375
9.6875
-38.0625
-15.1144
48.75
10.6875
-26.375
-16.5286
38.0625
11.6875
-13.6875
-17.9428
26.375
-1
-13.6875
19.357
-13.6875

141.863 3
