-6.21725e-15
-6.6875
-6.6875
9.45755
-1
-6.6875
-8.04334
12.375
4.6875
-12.375
-6.62913
17.0625
4.6875
-17.0625
-6.62913
21.75
3.6875
-21.75
-5.21491
25.4375
2.6875
-25.4375
-3.8007
28.125
1.6875
-28.125
-2.38649
29.8125
0.6875
-29.8125
-0.972272
30.5
-0
-30.1875
-0.441942
30.5
0.3125
-28.875
-1.85616
30.1875
1.3125
-26.5625
-3.27037
28.875
2.3125
-23.25
-4.68458
26.5625
3.3125
-18.9375
-6.0988
23.25
4.3125
-13.625
-7.51301
18.9375
5.3125
-7.3125
-8.92722
13.625
-1
-7.3125
10.3414
-7.3125

30.5 31
