-3.55271e-15
-6.8125
-6.8125
9.63433
-1
-6.8125
-8.22012
12.625
4.8125
-12.625
-6.8059
17.4375
3.8125
-17.4375
-5.39169
21.25
2.8125
-21.25
-3.97748
24.0625
2.8125
-24.0625
-3.97748
26.875
1.8125
-26.875
-2.56326
28.6875
0.8125
-28.6875
-1.14905
29.5
-0
-29.3125
-0.265165
29.5
0.1875
-28.125
-1.67938
29.3125
1.1875
-25.9375
-3.09359
28.125
2.1875
-22.75
-4.50781
25.9375
3.1875
-18.5625
-5.92202
22.75
4.1875
-13.375
-7.33623
18.5625
5.1875
-7.1875
-8.75045
13.375
-1
-7.1875
10.1647
-7.1875

29.5 31
