-1.06581e-14
-6.9375
-6.9375
9.81111
-1
-6.9375
-8.39689
12.875
4.9375
-12.875
-6.98268
17.8125
3.9375
-17.8125
-5.56847
21.75
2.9375
-21.75
-4.15425
24.6875
1.9375
-24.6875
-2.74004
26.625
0.9375
-26.625
-1.32583
27.5625
0.9375
-27.5625
-1.32583
28.5
-0
-28.4375
-0.0883883
28.5
0.0625
-27.375
-1.5026
28.4375
1.0625
-25.3125
-2.91682
27.375
2.0625
-22.25
-4.33103
25.3125
3.0625
-18.1875
-5.74524
22.25
4.0625
-13.125
-7.15946
18.1875
5.0625
-7.0625
-8.57367
13.125
-1
-7.0625
9.98788
-7.0625

28.5 31
