

||   	  ||   		||   		|| 1 		||   		|| 1 		|| 0.0333148 	||   		|| 
||  	  ||   		||   		|| 1 		||   		|| 0.999445 	||   		|| 		|| 
||  	  ||   		||   		|| 1 		||   		||   		|| -1 		||   		|| 
||  	  ||   		||   		||   		|| 1 		||   		||   		||   		|| 
|| 	  ||   		|| -0.0333148 	||   		||   		|| 0.0333148 	|| 1 		||   		|| 
|| 	  ||-1 		|| -0.999445 	||   		|| -0.999445 	||   		||   		||   		|| 
|| 	  ||   		|| -1 		|| -0.0333148	||   		||   		|| 1 		||   		|| 
|| 	  ||   		|| 0.999445 	||   		|| 1 		||   		||   		||   		|| 
|| 	  ||   		|| -1 		||   		||   		|| 0.0333148 	|| 1 		||   		|| 
|| 	  ||   		|| -1 		||   		|| -0.999445 	||   		||   		||   		|| 
|| 	  ||   		|| -1 		|| -0.0333148 	||   		||   		|| 1 		|| 0.0333148 	|| 
|| 	  ||   		|| 0.999445 	||   		|| 1 		||   		|| 0.999445 	||   		|| 
|| 	  ||   		|| -1 		||   		||   		||   		|| 1 		||   		|| 
||   	  ||   		|| -1 		||   		||   		||   		||   		||   		|| 
||	  ||   		|| -1 		||   		||   		||   		|| 1 		|| 0.0333148 	|| 
|| 	  || 		||   		||   		|| 1 		||   		|| 0.999445 	||   		|| 
||   	  || 0.0333148  || -1 		||   		||   		||   		|| 1 		||   		|| 
-0.999445 ||   		|| -1 		||   		||   		||   		||   		||   		|| 
|| 	  ||   		|| -1 		||   		||   		||   		|| 1 		||   		|| 
||	  ||   		||   		||   		|| 1 		||   		||   		||   		|| 
|| 	  || -0.0333148 || -1 		||   		||   		|| 0.0333148 	|| 		||   		|| 
-0.999445 ||   		|| -1 		||   		||   		|| -0.999445 	||   		||   		|| 
|| 	  ||   		|| -1 		|| -0.0333148 	||   		||   		||   		||   		|| 
|| 	  ||   		|| 0.999445 	|| 1 		||   		||   		||   		||   		|| 

largo = 1  alto = 2 secciones = 6
